[smallest_units]
BTC = 0.00000001
ETH = 0.00000001
XLM = 1
LTC = 0.00000001
ZRX = 0.00001
